1.000000000000000048e-04 1.496410607766259773e+02
1.071891319205127825e-04 1.600046580489436963e+02
1.148951000187309178e-04 1.710851861141430561e+02
1.231550603292825674e-04 1.829320499297465972e+02
1.320088400831417777e-04 1.955980448921540642e+02
1.414991297434576038e-04 2.091395790634517482e+02
1.516716888470922740e-04 2.236168171903690620e+02
1.625755666443794297e-04 2.390939208801103462e+02
1.742633386009650239e-04 2.556395580774544669e+02
1.867913599020782538e-04 2.733268940675706631e+02
2.002200371815584276e-04 2.922338636339424056e+02
2.146141197858404421e-04 3.124437109130565204e+02
2.300430119772917776e-04 3.340450692550056147e+02
2.465811075822602690e-04 3.571323670406239330e+02
2.643081486974105496e-04 3.818062863958380717e+02
2.833096101839324417e-04 4.081737674046240159e+02
3.036771118035458319e-04 4.363485145265130427e+02
3.255088599835058091e-04 4.664514674728592922e+02
3.489101213406772708e-04 4.986110447715289524e+02
3.739937302478797253e-04 5.329634299123225674e+02
4.008806328898464845e-04 5.696528644520353737e+02
4.297004704320841117e-04 6.088319138220795139e+02
4.605922041145106777e-04 6.506619561964603236e+02
4.937047852839002724e-04 6.953133799125525911e+02
5.291978735958441241e-04 7.429656373600809047e+02
5.672426068491978743e-04 7.938075022254079158e+02
6.080224261649422573e-04 8.480371799681225866e+02
6.517339604882423695e-04 9.058624100405984336e+02
6.985879746785248184e-04 9.675007061015877525e+02
7.488103857590023595e-04 1.033178850473918146e+03
8.026433522257175792e-04 1.103132678190523848e+03
8.603464416684505163e-04 1.177607002613169925e+03
9.221978823334326964e-04 1.256855145512184890e+03
9.884959046625584490e-04 1.341138284528924714e+03
1.059560179277615945e-03 1.430724421754957120e+03
1.135733358343105287e-03 1.525886980133076349e+03
1.217382727739661210e-03 1.626903361200287009e+03
1.304901978014402341e-03 1.734053062639898599e+03
1.398713102647238145e-03 1.847615163056732399e+03
1.499268432786045281e-03 1.967864786627913190e+03
1.607052818261638658e-03 2.095069868939841854e+03
1.722585965398786955e-03 2.229487644190801802e+03
1.846424942895544133e-03 2.371360119682987715e+03
1.979166867853557332e-03 2.520909969712361544e+03
2.121451784910630307e-03 2.678335595856618056e+03
2.273965752357928315e-03 2.843805018855118306e+03
2.437444150122220626e-03 3.017449491223009773e+03
2.612675225563328065e-03 3.199356776256968260e+03
2.800503894183630545e-03 3.389564870768987475e+03
3.001835813575589283e-03 3.588053905623518858e+03
3.217641750250736354e-03 3.794737800336075452e+03
3.448962260405757582e-03 4.009454736787456568e+03
3.696912707195027046e-03 4.231955139181394770e+03
3.962688638701476924e-03 4.461891273518746857e+03
4.247571552536898512e-03 4.698805075445190596e+03
4.552935074866947852e-03 4.942112618524151003e+03
4.880251583654432457e-03 5.191101973328693020e+03
5.231099308056263129e-03 5.444913855891833919e+03
5.607169938205458157e-03 5.702494398852886661e+03
6.010276782070383440e-03 5.962717868805034414e+03
6.442363508721372749e-03 6.224241142753095119e+03
6.905513520162327550e-03 6.485206557626265749e+03
7.401959996915643408e-03 6.743699149705178570e+03
7.934096665797491649e-03 6.997755138365621860e+03
8.504489341802678667e-03 7.245242381322640540e+03
9.115888299750822196e-03 7.483622804200563223e+03
9.771241535346496254e-03 7.710044393095082341e+03
1.047370897959449404e-02 7.921411655423034063e+03
1.122667773510813323e-02 8.114407455069789648e+03
1.203377840777589310e-02 8.285529828274797183e+03
1.289890261253308357e-02 8.431096112582814385e+03
1.382622173764655460e-02 8.547227946524504659e+03
1.482020705798858112e-02 8.630002718289795666e+03
1.588565129428052072e-02 8.675565264181135717e+03
1.702769172225899325e-02 8.680245770674222513e+03
1.825183494319042657e-02 8.640752765571218333e+03
1.956398343517063224e-02 8.554419901672903507e+03
2.097046401323231571e-02 8.419460032762051924e+03
2.247805833548724430e-02 8.235280506276965752e+03
2.409403560239523762e-02 8.002826032560269596e+03
2.582618760682674555e-02 7.724844373202103270e+03
2.768286630392067030e-02 7.406165006412275034e+03
2.967302408188870338e-02 7.053876298295669585e+03
3.180625692794120107e-02 6.677206022109065088e+03
3.409285069746813279e-02 6.287196315703512482e+03
3.654383070957257368e-02 5.896042390649697154e+03
3.917101490809259817e-02 5.516860428029031937e+03
4.198707084443910331e-02 5.161485848177811931e+03
4.500557675700498500e-02 4.837014648446483989e+03
4.824108704165371020e-02 4.553206543302047976e+03
5.170920242896758640e-02 4.313051782630614071e+03
5.542664520663105610e-02 4.104535672525313203e+03
5.941133984965033671e-02 3.915540966114666844e+03
6.368249944718586131e-02 3.731311431901635387e+03
6.826071834272387506e-02 3.532764851398290375e+03
7.316807143427196680e-02 3.297229885890339574e+03
7.842822061337678674e-02 3.015086409001428365e+03
8.406652885618325077e-02 2.699822469107291909e+03
9.011018251665019185e-02 2.382083066966905335e+03
9.658832241158700482e-02 2.095317570811721907e+03
1.035321843295661931e-01 1.868148217937763548e+03
1.109752496412071687e-01 1.711599747922449978e+03
1.189534067370319331e-01 1.604103969772203300e+03
1.275051240713012679e-01 1.500253518136565162e+03
1.366716356462006066e-01 1.362104365464732609e+03
1.464971398307285400e-01 1.188832401237260683e+03
1.570290124729376846e-01 1.016871967048548186e+03
1.683180353330956114e-01 8.918719258861955268e+02
1.804186409392071477e-01 8.163919364218585315e+02
1.933891750455230263e-01 7.496615265919828062e+02
2.072921779595369995e-01 6.577807414780960471e+02
2.221946860939522372e-01 5.608051927139698591e+02
2.381685551976159554e-01 4.934403308874839240e+02
2.552908068239517769e-01 4.461969640724472583e+02
2.736439997074671671e-01 3.896385358858728978e+02
2.933166278390045290e-01 3.344934443497639336e+02
3.144035471591500874e-01 2.959968688413754307e+02
3.370064329271929560e-01 2.589809582960960483e+02
3.612342699709432114e-01 2.231528570764046719e+02
3.872038781812555674e-01 1.954493212878523707e+02
4.150404757850476023e-01 1.689360894666814090e+02
4.448782831127585657e-01 1.464370304163260528e+02
4.768611697714470465e-01 1.266458865016554682e+02
5.111433483440167569e-01 1.093409150891742030e+02
5.478901179593942405e-01 9.427150068543318184e+01
5.872786613189481253e-01 8.118858641481941163e+01
6.294988990221886960e-01 6.979108150578703373e+01
6.747544053110693385e-01 5.994810674899338920e+01
7.232633896483535718e-01 5.141587366010888616e+01
7.752597488629460187e-01 4.403645602123902592e+01
8.309941949353392143e-01 3.767185204088262651e+01
8.907354638610437414e-01 3.219300639866678893e+01
9.547716114208055771e-01 2.748180005825413375e+01
1.023411402105453005e+00 2.343496832362338722e+01
1.096985797892383152e+00 1.996288408549915516e+01
1.175849554052156298e+00 1.698787731110997257e+01
1.260382929679726871e+00 1.444209911132527147e+01
1.350993521198026404e+00 1.226630399709938679e+01
1.448118227674533021e+00 1.040882919429002129e+01
1.552225357427046593e+00 8.824836506183348916e+00
1.663816886076127766e+00 7.475491682076797595e+00
1.783430876931908271e+00 6.327207186546498718e+00
1.911644075385701358e+00 5.350991180192044006e+00
2.049074689815845840e+00 4.521857797228821418e+00
2.196385372416544968e+00 3.818300250178410238e+00
2.354286414322416032e+00 3.221836901872173975e+00
2.523539170434764500e+00 2.716608551421199280e+00
2.704959730463133205e+00 2.289020902932282109e+00
2.899422853882874573e+00 1.927438003088593144e+00
3.107866187782010403e+00 1.621913872693693914e+00
3.331294787934670598e+00 1.363955051817126618e+00
3.570785964900460741e+00 1.146317422431378352e+00
3.827494478516309417e+00 9.628306938492972034e-01
4.102658105827189594e+00 8.082437074180681691e-01
4.397603609302715988e+00 6.780920242319724567e-01
4.713753134116719146e+00 5.685848939841425809e-01
5.052631065335675409e+00 4.765065343571038836e-01
5.415871378079467391e+00 3.991312806356868692e-01
5.805225516094893123e+00 3.341508220389349804e-01
6.222570836730223043e+00 2.796117278037532072e-01
6.669919663030114521e+00 2.338619619936347926e-01
7.149428986597582636e+00 1.955060634704195721e-01
7.663410868007463073e+00 1.633662635597623314e-01
8.214343584919431507e+00 1.364492065224383877e-01
8.804883581643467849e+00 1.139176749350010870e-01
9.437878277775386238e+00 9.506651645588891364e-02
1.011637979766207707e+01 7.930212916969349435e-02
1.084365968689610860e+01 6.612521532655879497e-02
1.162322468679853138e+01 5.511610357294543378e-02
1.245883364295008455e+01 4.592224420265155621e-02
1.335451562929899438e+01 3.824765461016441104e-02
1.431458937523479413e+01 3.184399387156661154e-02
1.534368408930012784e+01 2.650299065887291167e-02
1.644676177994664101e+01 2.205007806573507090e-02
1.762914118095948268e+01 1.833903679055014571e-02
1.889652339691210159e+01 1.524744907877055231e-02
2.025501939230667503e+01 1.267287311934178068e-02
2.171117945694504670e+01 1.052963054617921113e-02
2.327202478960409593e+01 8.746093730345041312e-03
2.494508135230316626e+01 7.262405824182686931e-03
2.673841615839947039e+01 6.028575152447489954e-03
2.866067616948251384e+01 5.002866684582062823e-03
3.072112998861758015e+01 4.150450416201417053e-03
3.292971255097150873e+01 3.442274117506545234e-03
3.529707302730650298e+01 2.854114587130240736e-03
3.783462617131929306e+01 2.365780665188238312e-03
4.055460735840829045e+01 1.960450494200603484e-03
4.347013158125023580e+01 1.624114975033802465e-03
4.659525668664679898e+01 1.345109842935530335e-03
4.994505115855139366e+01 1.113727802658755553e-03
5.353566677410724139e+01 9.218938617714536946e-04
5.738441648302394071e+01 7.628922964349384855e-04
6.150985788580499758e+01 6.311397855528983001e-04
6.593188271333545458e+01 5.219963256875888172e-04
7.067181273927488405e+01 4.316055669219304061e-04
7.575250258771910694e+01 3.567635437140007017e-04
8.119844993184008786e+01 2.948110301094114039e-04
8.703591361485159439e+01 2.435422411052336721e-04
9.329304026284680162e+01 2.011281879246527707e-04
9.999999999999995737e+01 1.660507542420119431e-04
