1.000000000000000048e-04 3.968541015761144877e+02
1.071891319205127825e-04 4.243376328217283913e+02
1.148951000187309178e-04 4.537221304739039169e+02
1.231550603292825674e-04 4.851385710098770119e+02
1.320088400831417777e-04 5.187270232247867625e+02
1.414991297434576038e-04 5.546367474342495143e+02
1.516716888470922740e-04 5.930270699296906969e+02
1.625755666443794297e-04 6.340683358973878967e+02
1.742633386009650239e-04 6.779421235168308613e+02
1.867913599020782538e-04 7.248422358440485596e+02
2.002200371815584276e-04 7.749754719068400846e+02
2.146141197858404421e-04 8.285618461368716225e+02
2.300430119772917776e-04 8.858359757184978207e+02
2.465811075822602690e-04 9.470480304531428146e+02
2.643081486974105496e-04 1.012464334850637442e+03
2.833096101839324417e-04 1.082367774218996146e+03
3.036771118035458319e-04 1.157059246268922379e+03
3.255088599835058091e-04 1.236858971394772880e+03
3.489101213406772708e-04 1.322105966194814982e+03
3.739937302478797253e-04 1.413160148156631521e+03
4.008806328898464845e-04 1.510403572815700500e+03
4.297004704320841117e-04 1.614239800406289532e+03
4.605922041145106777e-04 1.725095230537279122e+03
4.937047852839002724e-04 1.843420455379221949e+03
5.291978735958441241e-04 1.969691371621172948e+03
5.672426068491978743e-04 2.104407855424278750e+03
6.080224261649422573e-04 2.248095287384923722e+03
6.517339604882423695e-04 2.401305898658837123e+03
6.985879746785248184e-04 2.564617129808623304e+03
7.488103857590023595e-04 2.738632106174765340e+03
8.026433522257175792e-04 2.923979676152632237e+03
8.603464416684505163e-04 3.121313526325106977e+03
9.221978823334326964e-04 3.331309555874361195e+03
9.884959046625584490e-04 3.554664519702490452e+03
1.059560179277615945e-03 3.792094381429515124e+03
1.135733358343105287e-03 4.044328002355048284e+03
1.217382727739661210e-03 4.312103861483440596e+03
1.304901978014402341e-03 4.596165736678030953e+03
1.398713102647238145e-03 4.897255752709354056e+03
1.499268432786045281e-03 5.216108284132554218e+03
1.607052818261638658e-03 5.553441358454266265e+03
1.722585965398786955e-03 5.909944152282469076e+03
1.846424942895544133e-03 6.286265660130442484e+03
1.979166867853557332e-03 6.683004915521200019e+03
2.121451784910630307e-03 7.100699620517783842e+03
2.273965752357928315e-03 7.539802969949623730e+03
2.437444150122220626e-03 8.000672461600031966e+03
2.612675225563328065e-03 8.483556265246557814e+03
2.800503894183630545e-03 8.988568463908353806e+03
3.001835813575589283e-03 9.515669584220035176e+03
3.217641750250736354e-03 1.006464536751043852e+04
3.448962260405757582e-03 1.063508287969836965e+04
3.696912707195027046e-03 1.122634122781140832e+04
3.962688638701476924e-03 1.183751889037077672e+04
4.247571552536898512e-03 1.246741576768996129e+04
4.552935074866947852e-03 1.311451058198992723e+04
4.880251583654432457e-03 1.377694099060279223e+04
5.231099308056263129e-03 1.445245557351388561e+04
5.607169938205458157e-03 1.513828754175631002e+04
6.010276782070383440e-03 1.583143303818850836e+04
6.442363508721372749e-03 1.652842343485548190e+04
6.905513520162327550e-03 1.722440820127705956e+04
7.401959996915643408e-03 1.791427728004830351e+04
7.934096665797491649e-03 1.859281972687524831e+04
8.504489341802678667e-03 1.925440765600083978e+04
9.115888299750822196e-03 1.989238598513618490e+04
9.771241535346496254e-03 2.049922892035851692e+04
1.047370897959449404e-02 2.106674517040262072e+04
1.122667773510813323e-02 2.158614119612117793e+04
1.203377840777589310e-02 2.204813376149040414e+04
1.289890261253308357e-02 2.244297585157175490e+04
1.382622173764655460e-02 2.276035726656391125e+04
1.482020705798858112e-02 2.298982197126444589e+04
1.588565129428052072e-02 2.312108140669889326e+04
1.702769172225899325e-02 2.314430040171862856e+04
1.825183494319042657e-02 2.305058550358154753e+04
1.956398343517063224e-02 2.283264456780082764e+04
2.097046401323231571e-02 2.248545961257782619e+04
2.247805833548724430e-02 2.200710395659670758e+04
2.409403560239523762e-02 2.139964515397220384e+04
2.582618760682674555e-02 2.066986091341796782e+04
2.768286630392067030e-02 1.983009706343017024e+04
2.967302408188870338e-02 1.889862453581451700e+04
3.180625692794120107e-02 1.789936983722005607e+04
3.409285069746813279e-02 1.686143568486004733e+04
3.654383070957257368e-02 1.581707109317580944e+04
3.917101490809259817e-02 1.480088867693782231e+04
4.198707084443910331e-02 1.384561541517821024e+04
4.500557675700498500e-02 1.297074021101965991e+04
4.824108704165371020e-02 1.220116906735671728e+04
5.170920242896758640e-02 1.154993384509359203e+04
5.542664520663105610e-02 1.098667197909261813e+04
5.941133984965033671e-02 1.047901455568573874e+04
6.368249944718586131e-02 9.988628906969584932e+03
6.826071834272387506e-02 9.466345553546043448e+03
7.316807143427196680e-02 8.851559491902742593e+03
7.842822061337678674e-02 8.112684968418506287e+03
8.406652885618325077e-02 7.278898098972754269e+03
9.011018251665019185e-02 6.429046839831113175e+03
9.658832241158700482e-02 5.652683796733268537e+03
1.035321843295661931e-01 5.028249876654763284e+03
1.109752496412071687e-01 4.592460285149584706e+03
1.189534067370319331e-01 4.297500990747419564e+03
1.275051240713012679e-01 4.025900452670187406e+03
1.366716356462006066e-01 3.669959542998722554e+03
1.464971398307285400e-01 3.215329723430795639e+03
1.570290124729376846e-01 2.750886674185204356e+03
1.683180353330956114e-01 2.401496882537697729e+03
1.804186409392071477e-01 2.190812430968812350e+03
1.933891750455230263e-01 2.016582861132606013e+03
2.072921779595369995e-01 1.779246938581720087e+03
2.221946860939522372e-01 1.517101230720018748e+03
2.381685551976159554e-01 1.328155580974370650e+03
2.552908068239517769e-01 1.201214329061117951e+03
2.736439997074671671e-01 1.054012634385382398e+03
2.933166278390045290e-01 9.035390190969654896e+02
3.144035471591500874e-01 7.975677150251078729e+02
3.370064329271929560e-01 7.001984124907446585e+02
3.612342699709432114e-01 6.027588085945146759e+02
3.872038781812555674e-01 5.276088163886360007e+02
4.150404757850476023e-01 4.567604758174877588e+02
4.448782831127585657e-01 3.954992997290507333e+02
4.768611697714470465e-01 3.424137896889067179e+02
5.111433483440167569e-01 2.954798440294567854e+02
5.478901179593942405e-01 2.548999197970892681e+02
5.872786613189481253e-01 2.195074674406287727e+02
6.294988990221886960e-01 1.887341768039963767e+02
6.747544053110693385e-01 1.621322679677875271e+02
7.232633896483535718e-01 1.390778191562117740e+02
7.752597488629460187e-01 1.191332465081196688e+02
8.309941949353392143e-01 1.019268742151397618e+02
8.907354638610437414e-01 8.711277170928349278e+01
9.547716114208055771e-01 7.437273486551104895e+01
1.023411402105453005e+00 6.342805212187969488e+01
1.096985797892383152e+00 5.403655024882785796e+01
1.175849554052156298e+00 4.598847851417976784e+01
1.260382929679726871e+00 3.910066161432423826e+01
1.350993521198026404e+00 3.321314572314928171e+01
1.448118227674533021e+00 2.818639295955321344e+01
1.552225357427046593e+00 2.389925342729678803e+01
1.663816886076127766e+00 2.024678866350982531e+01
1.783430876931908271e+00 1.713822944960485728e+01
1.911644075385701358e+00 1.449521043650532093e+01
2.049074689815845840e+00 1.225018305299069965e+01
2.196385372416544968e+00 1.034499308904567094e+01
2.354286414322416032e+00 8.729656515596699862e+00
2.523539170434764500e+00 7.361276811897848660e+00
2.704959730463133205e+00 6.203080168788148718e+00
2.899422853882874573e+00 5.223585190991611782e+00
3.107866187782010403e+00 4.395879485386323893e+00
3.331294787934670598e+00 3.696978695850374308e+00
3.570785964900460741e+00 3.107276115976190578e+00
3.827494478516309417e+00 2.610069591907786091e+00
4.102658105827189594e+00 2.191144038368817881e+00
4.397603609302715988e+00 1.838412520712670917e+00
4.713753134116719146e+00 1.541610787936310789e+00
5.052631065335675409e+00 1.292030474260600359e+00
5.415871378079467391e+00 1.082289618548480492e+00
5.805225516094893123e+00 9.061360611005244703e-01
6.222570836730223043e+00 7.582785784025515285e-01
6.669919663030114521e+00 6.342419405054389170e-01
7.149428986597582636e+00 5.302455192527425476e-01
7.663410868007463073e+00 4.430982257521918766e-01
8.214343584919431507e+00 3.701084267039020381e-01
8.804883581643467849e+00 3.090073916383399566e-01
9.437878277775386238e+00 2.578841404576367458e-01
1.011637979766207707e+01 2.151298990946910183e-01
1.084365968689610860e+01 1.793913462442257301e-01
1.162322468679853138e+01 1.495309088532487396e-01
1.245883364295008455e+01 1.245928947516427299e-01
1.335451562929899438e+01 1.037748957066520761e-01
1.431458937523479413e+01 8.640362379588313602e-02
1.534368408930012784e+01 7.191440406213078784e-02
1.644676177994664101e+01 5.983390881002242229e-02
1.762914118095948268e+01 4.976564959802762256e-02
1.889652339691210159e+01 4.137766351099605999e-02
2.025501939230667503e+01 3.439214123095731684e-02
2.171117945694504670e+01 2.857672055466084146e-02
2.327202478960409593e+01 2.373713655091555172e-02
2.494508135230316626e+01 1.971103769256359745e-02
2.673841615839947039e+01 1.636282292016648376e-02
2.866067616948251384e+01 1.357928381730943122e-02
3.072112998861758015e+01 1.126593936914048813e-02
3.292971255097150873e+01 9.343977229582810934e-03
3.529707302730650298e+01 7.747682551018344327e-03
3.783462617131929306e+01 6.422276720171322950e-03
4.055460735840829045e+01 5.322119242595950428e-03
4.347013158125023580e+01 4.409199865482786931e-03
4.659525668664679898e+01 3.651869686558936734e-03
4.994505115855139366e+01 3.023787971736548869e-03
5.353566677410724139e+01 2.503042538093661236e-03
5.738441648302394071e+01 2.071409383299790529e-03
6.150985788580499758e+01 1.713736702367677899e-03
6.593188271333545458e+01 1.417432252395606739e-03
7.067181273927488405e+01 1.172030905385064783e-03
7.575250258771910694e+01 9.688369665322325505e-04
8.119844993184008786e+01 8.006327012388697205e-04
8.703591361485159439e+01 6.614304242531588232e-04
9.329304026284680162e+01 5.462655704209606715e-04
9.999999999999995737e+01 4.510176421151943578e-04
