1.000000000000000048e-04 4.058693564503012681e+02
1.071891319205127825e-04 4.339770159423867995e+02
1.148951000187309178e-04 4.640288167895795937e+02
1.231550603292825674e-04 4.961585910802108401e+02
1.320088400831417777e-04 5.305095608873574520e+02
1.414991297434576038e-04 5.672344584121703974e+02
1.516716888470922740e-04 6.064962566305015343e+02
1.625755666443794297e-04 6.484689758425613491e+02
1.742633386009650239e-04 6.933384513945583194e+02
1.867913599020782538e-04 7.413027099117148282e+02
2.002200371815584276e-04 7.925728499336569257e+02
2.146141197858404421e-04 8.473743822224425912e+02
2.300430119772917776e-04 9.059471734051604699e+02
2.465811075822602690e-04 9.685465915820827831e+02
2.643081486974105496e-04 1.035444920364765721e+03
2.833096101839324417e-04 1.106931529118823619e+03
3.036771118035458319e-04 1.183313944357706760e+03
3.255088599835058091e-04 1.264918946975391464e+03
3.489101213406772708e-04 1.352093493173155139e+03
3.739937302478797253e-04 1.445205499772980829e+03
4.008806328898464845e-04 1.544644782068941367e+03
4.297004704320841117e-04 1.650823974913385882e+03
4.605922041145106777e-04 1.764178559221205660e+03
4.937047852839002724e-04 1.885168532538158843e+03
5.291978735958441241e-04 2.014280004234127318e+03
5.672426068491978743e-04 2.152023250531646227e+03
6.080224261649422573e-04 2.298934551404553531e+03
6.517339604882423695e-04 2.455577271725226637e+03
6.985879746785248184e-04 2.622540553765225923e+03
7.488103857590023595e-04 2.800440191183157367e+03
8.026433522257175792e-04 2.989917804841106317e+03
8.603464416684505163e-04 3.191638220452140104e+03
9.221978823334326964e-04 3.406290561315138802e+03
9.884959046625584490e-04 3.634585648705097356e+03
1.059560179277615945e-03 3.877251428809666777e+03
1.135733358343105287e-03 4.135028987116792450e+03
1.217382727739661210e-03 4.408669374063792930e+03
1.304901978014402341e-03 4.698928558572521069e+03
1.398713102647238145e-03 5.006559440651157274e+03
1.499268432786045281e-03 5.332305992073793277e+03
1.607052818261638658e-03 5.676894414792620410e+03
1.722585965398786955e-03 6.041020579569009897e+03
1.846424942895544133e-03 6.425339699433767237e+03
1.979166867853557332e-03 6.830454800915129454e+03
2.121451784910630307e-03 7.256902065190796748e+03
2.273965752357928315e-03 7.705132725599614787e+03
2.437444150122220626e-03 8.175499786381463309e+03
2.612675225563328065e-03 8.668240780999618437e+03
2.800503894183630545e-03 9.183454601546356571e+03
3.001835813575589283e-03 9.721084064294731434e+03
3.217641750250736354e-03 1.028089378855811810e+04
3.448962260405757582e-03 1.086244198945579228e+04
3.696912707195027046e-03 1.146504855809728724e+04
3.962688638701476924e-03 1.208776562031614958e+04
4.247571552536898512e-03 1.272934465528425244e+04
4.552935074866947852e-03 1.338820346982521369e+04
4.880251583654432457e-03 1.406241257931553992e+04
5.231099308056263129e-03 1.474963807829154212e+04
5.607169938205458157e-03 1.544701608311504424e+04
6.010276782070383440e-03 1.615148756985900400e+04
6.442363508721372749e-03 1.685940864059147862e+04
6.905513520162327550e-03 1.756575150069872689e+04
7.401959996915643408e-03 1.826533273887337054e+04
7.934096665797491649e-03 1.895282886253891411e+04
8.504489341802678667e-03 1.962245079383347911e+04
9.115888299750822196e-03 2.026732259700766372e+04
9.771241535346496254e-03 2.087972116658004961e+04
1.047370897959449404e-02 2.145126156385660215e+04
1.122667773510813323e-02 2.197295932961138897e+04
1.203377840777589310e-02 2.243533983377165350e+04
1.289890261253308357e-02 2.282844024353335408e+04
1.382622173764655460e-02 2.314175279731335104e+04
1.482020705798858112e-02 2.336466748255613857e+04
1.588565129428052072e-02 2.348676791640604642e+04
1.702769172225899325e-02 2.349813954635747359e+04
1.825183494319042657e-02 2.338989047338692399e+04
1.956398343517063224e-02 2.315482949739158721e+04
2.097046401323231571e-02 2.278815190801935751e+04
2.247805833548724430e-02 2.228827735207487785e+04
2.409403560239523762e-02 2.165779515551663644e+04
2.582618760682674555e-02 2.090417938927270734e+04
2.768286630392067030e-02 2.004053082252601234e+04
2.967302408188870338e-02 1.908605032951999237e+04
3.180625692794120107e-02 1.806572223545547604e+04
3.409285069746813279e-02 1.700943850559108250e+04
3.654383070957257368e-02 1.595020472929866446e+04
3.917101490809259817e-02 1.492350429114794315e+04
4.198707084443910331e-02 1.396134215464250883e+04
4.500557675700498500e-02 1.308289609709926299e+04
4.824108704165371020e-02 1.231454848675085304e+04
5.170920242896758640e-02 1.166436819473698051e+04
5.542664520663105610e-02 1.109984060463345304e+04
5.941133984965033671e-02 1.058818410906086683e+04
6.368249944718586131e-02 1.008948989013106802e+04
6.826071834272387506e-02 9.552151749764854685e+03
7.316807143427196680e-02 8.914878789208676608e+03
7.842822061337678674e-02 8.151672034679603712e+03
8.406652885618325077e-02 7.299009400485761944e+03
9.011018251665019185e-02 6.439741441599221616e+03
9.658832241158700482e-02 5.664284536524733085e+03
1.035321843295661931e-01 5.049999952253860101e+03
1.109752496412071687e-01 4.626663612732737420e+03
1.189534067370319331e-01 4.335955944860083036e+03
1.275051240713012679e-01 4.055127509124725293e+03
1.366716356462006066e-01 3.681618338335358658e+03
1.464971398307285400e-01 3.213203745934821200e+03
1.570290124729376846e-01 2.748362442662977628e+03
1.683180353330956114e-01 2.410466537213985703e+03
1.804186409392071477e-01 2.206424380663142529e+03
1.933891750455230263e-01 2.026038827242980233e+03
2.072921779595369995e-01 1.777692501544708193e+03
2.221946860939522372e-01 1.515587439715218352e+03
2.381685551976159554e-01 1.333514516811595286e+03
2.552908068239517769e-01 1.205825205838081729e+03
2.736439997074671671e-01 1.052967032234113049e+03
2.933166278390045290e-01 9.039326572155019903e+02
3.144035471591500874e-01 7.998924762296502422e+02
3.370064329271929560e-01 6.998560072847345737e+02
3.612342699709432114e-01 6.030316871170535933e+02
3.872038781812555674e-01 5.281640516379341079e+02
4.150404757850476023e-01 4.565143633436888422e+02
4.448782831127585657e-01 3.957132532590246683e+02
4.768611697714470465e-01 3.422303953566603241e+02
5.111433483440167569e-01 2.954665396690409693e+02
5.478901179593942405e-01 2.547441875951558927e+02
5.872786613189481253e-01 2.193902750769185843e+02
6.294988990221886960e-01 1.885909911058038233e+02
6.747544053110693385e-01 1.619926690749835814e+02
7.232633896483535718e-01 1.389364034707827500e+02
7.752597488629460187e-01 1.189954064156815150e+02
8.309941949353392143e-01 1.017967563743463444e+02
8.907354638610437414e-01 8.699169265715208610e+01
9.547716114208055771e-01 7.426100132297469258e+01
1.023411402105453005e+00 6.332561753164747387e+01
1.096985797892383152e+00 5.394333818767307065e+01
1.175849554052156298e+00 4.590427831458789854e+01
1.260382929679726871e+00 3.902509261566532217e+01
1.350993521198026404e+00 3.314568382065642282e+01
1.448118227674533021e+00 2.812644427707102324e+01
1.552225357427046593e+00 2.384620902538991771e+01
1.663816886076127766e+00 2.020003836177554035e+01
1.783430876931908271e+00 1.709717167583238506e+01
1.911644075385701358e+00 1.445926707619877760e+01
2.049074689815845840e+00 1.221880749374242825e+01
2.196385372416544968e+00 1.031767652518372103e+01
2.354286414322416032e+00 8.705932565477040086e+00
2.523539170434764500e+00 7.340720811750007790e+00
2.704959730463133205e+00 6.185307322263188468e+00
2.899422853882874573e+00 5.208250073944373781e+00
3.107866187782010403e+00 4.382673456414951652e+00
3.331294787934670598e+00 3.685626578120505759e+00
3.570785964900460741e+00 3.097534401495574130e+00
3.827494478516309417e+00 2.601723632893140792e+00
4.102658105827189594e+00 2.184004693410457332e+00
4.397603609302715988e+00 1.832313896114482921e+00
4.713753134116719146e+00 1.536407994384095366e+00
5.052631065335675409e+00 1.287597420140931481e+00
5.415871378079467391e+00 1.078516999300463075e+00
5.805225516094893123e+00 9.029293122457864307e-01
6.222570836730223043e+00 7.555558810836535688e-01
6.669919663030114521e+00 6.319326482058758021e-01
7.149428986597582636e+00 5.282888565256269597e-01
7.663410868007463073e+00 4.414419818739123147e-01
8.214343584919431507e+00 3.687078025565667105e-01
8.804883581643467849e+00 3.078240113401035094e-01
9.437878277775386238e+00 2.568851688274368938e-01
1.011637979766207707e+01 2.142872713814776287e-01
1.084365968689610860e+01 1.786811410709748249e-01
1.162322468679853138e+01 1.489327605692911671e-01
1.245883364295008455e+01 1.240894820481372729e-01
1.335451562929899438e+01 1.033515103358818576e-01
1.431458937523479413e+01 8.604778747766836378e-02
1.534368408930012784e+01 7.161553255358395209e-02
1.644676177994664101e+01 5.958304041555181896e-02
1.762914118095948268e+01 4.955520443385273005e-02
1.889652339691210159e+01 4.120123273559567895e-02
2.025501939230667503e+01 3.424431116778575007e-02
2.171117945694504670e+01 2.845292279864377813e-02
2.327202478960409593e+01 2.363351755028090043e-02
2.494508135230316626e+01 1.962435129671323900e-02
2.673841615839947039e+01 1.629033780690256408e-02
2.866067616948251384e+01 1.351870239296419467e-02
3.072112998861758015e+01 1.121532982643215492e-02
3.292971255097150873e+01 9.301717050591693306e-03
3.529707302730650298e+01 7.712409376093360379e-03
3.783462617131929306e+01 6.392846991022968321e-03
4.055460735840829045e+01 5.297574393133070575e-03
4.347013158125023580e+01 4.388736619332531293e-03
4.659525668664679898e+01 3.634814835264654417e-03
4.994505115855139366e+01 3.009578284886002542e-03
5.353566677410724139e+01 2.491207006059031805e-03
5.738441648302394071e+01 2.061554172332606249e-03
6.150985788580499758e+01 1.705532925775409079e-03
6.593188271333545458e+01 1.410605281198096597e-03
7.067181273927488405e+01 1.166350722540259854e-03
7.575250258771910694e+01 9.641115401475745892e-04
8.119844993184008786e+01 7.967020110554694093e-04
8.703591361485159439e+01 6.581617095330266143e-04
9.329304026284680162e+01 5.435484013330797596e-04
9.999999999999995737e+01 4.487598821036039372e-04
