1.000000000000000048e-04 2.402447276987062139e+02
1.071891319205127825e-04 2.568828124655540250e+02
1.148951000187309178e-04 2.746717943484811713e+02
1.231550603292825674e-04 2.936909654525346696e+02
1.320088400831417777e-04 3.140250797640180167e+02
1.414991297434576038e-04 3.357646286765814239e+02
1.516716888470922740e-04 3.590061512550312841e+02
1.625755666443794297e-04 3.838526423611246514e+02
1.742633386009650239e-04 4.104141937588985343e+02
1.867913599020782538e-04 4.388082072543343202e+02
2.002200371815584276e-04 4.691597782212589891e+02
2.146141197858404421e-04 5.016022490659355526e+02
2.300430119772917776e-04 5.362778948916205763e+02
2.465811075822602690e-04 5.733382734298970718e+02
2.643081486974105496e-04 6.129445174168813537e+02
2.833096101839324417e-04 6.552682272221387620e+02
3.036771118035458319e-04 7.004918011767387043e+02
3.255088599835058091e-04 7.488088812058483654e+02
3.489101213406772708e-04 8.004252539383587646e+02
3.739937302478797253e-04 8.555591097368122746e+02
4.008806328898464845e-04 9.144415169468854856e+02
4.297004704320841117e-04 9.773170328051766091e+02
4.605922041145106777e-04 1.044444095416599339e+03
4.937047852839002724e-04 1.116095540206248415e+03
5.291978735958441241e-04 1.192559010149939468e+03
5.672426068491978743e-04 1.274137032191335720e+03
6.080224261649422573e-04 1.361147458286181291e+03
6.517339604882423695e-04 1.453923650115516011e+03
6.985879746785248184e-04 1.552814145749109457e+03
7.488103857590023595e-04 1.658182929004009111e+03
8.026433522257175792e-04 1.770409229288635061e+03
8.603464416684505163e-04 1.889886701153403237e+03
9.221978823334326964e-04 2.017022507315119810e+03
9.884959046625584490e-04 2.152236507015868938e+03
1.059560179277615945e-03 2.295959829620573146e+03
1.135733358343105287e-03 2.448632040069057439e+03
1.217382727739661210e-03 2.610698325291901256e+03
1.304901978014402341e-03 2.782606359800181053e+03
1.398713102647238145e-03 2.964803165958562658e+03
1.499268432786045281e-03 3.157729688780606011e+03
1.607052818261638658e-03 3.361815246249994289e+03
1.722585965398786955e-03 3.577471310986113167e+03
1.846424942895544133e-03 3.805087455504155514e+03
1.979166867853557332e-03 4.045022049640235309e+03
2.121451784910630307e-03 4.297591134532401156e+03
2.273965752357928315e-03 4.563063644128623309e+03
2.437444150122220626e-03 4.841649930648005466e+03
2.612675225563328065e-03 5.133489944100984758e+03
2.800503894183630545e-03 5.438643542032595178e+03
3.001835813575589283e-03 5.757077995778558034e+03
3.217641750250736354e-03 6.088654372079506174e+03
3.448962260405757582e-03 6.433111612602373498e+03
3.696912707195027046e-03 6.790048791501087180e+03
3.962688638701476924e-03 7.158906628736139282e+03
4.247571552536898512e-03 7.538946787206285990e+03
4.552935074866947852e-03 7.929233449272922371e+03
4.880251583654432457e-03 8.328624385646140581e+03
5.231099308056263129e-03 8.735737733850777659e+03
5.607169938205458157e-03 9.148881339561516143e+03
6.010276782070383440e-03 9.566246094875323251e+03
6.442363508721372749e-03 9.985674120384312118e+03
6.905513520162327550e-03 1.040418697091159447e+04
7.401959996915643408e-03 1.081871428560675304e+04
7.934096665797491649e-03 1.122610489095027697e+04
8.504489341802678667e-03 1.162293407320951337e+04
9.115888299750822196e-03 1.200512685406839228e+04
9.771241535346496254e-03 1.236810881995200725e+04
1.047370897959449404e-02 1.270691733696622578e+04
1.122667773510813323e-02 1.301622703429416288e+04
1.203377840777589310e-02 1.329042158185482913e+04
1.289890261253308357e-02 1.352359814242524226e+04
1.382622173764655460e-02 1.370953443630112452e+04
1.482020705798858112e-02 1.384194223379407777e+04
1.588565129428052072e-02 1.391464564726993194e+04
1.702769172225899325e-02 1.392176713354182721e+04
1.825183494319042657e-02 1.385803352028383597e+04
1.956398343517063224e-02 1.371917533294615532e+04
2.097046401323231571e-02 1.350233502812102415e+04
2.247805833548724430e-02 1.320657008269533435e+04
2.409403560239523762e-02 1.283340366469675428e+04
2.582618760682674555e-02 1.238725106762850555e+04
2.768286630392067030e-02 1.187586641849008629e+04
2.967302408188870338e-02 1.131062404307401812e+04
3.180625692794120107e-02 1.070632438361407003e+04
3.409285069746813279e-02 1.008067341471755935e+04
3.654383070957257368e-02 9.453230004383625783e+03
3.917101490809259817e-02 8.845024884786047551e+03
4.198707084443910331e-02 8.275028979500122659e+03
4.500557675700498500e-02 7.754612730625112818e+03
4.824108704165371020e-02 7.299419885756758958e+03
5.170920242896758640e-02 6.914239679808771143e+03
5.542664520663105610e-02 6.579802926827801457e+03
5.941133984965033671e-02 6.276682992997518340e+03
6.368249944718586131e-02 5.981222988908712068e+03
6.826071834272387506e-02 5.662832462681847574e+03
7.316807143427196680e-02 5.285172222562192474e+03
7.842822061337678674e-02 4.832825303018185878e+03
8.406652885618325077e-02 4.327414471304919971e+03
9.011018251665019185e-02 3.818058998608528782e+03
9.658832241158700482e-02 3.358369484130524597e+03
1.035321843295661931e-01 2.994218070253288715e+03
1.109752496412071687e-01 2.743266972315301700e+03
1.189534067370319331e-01 2.570944106389405079e+03
1.275051240713012679e-01 2.404470060427569933e+03
1.366716356462006066e-01 2.183032886912664253e+03
1.464971398307285400e-01 1.905311718552195543e+03
1.570290124729376846e-01 1.629699730346278329e+03
1.683180353330956114e-01 1.429354666536709829e+03
1.804186409392071477e-01 1.308376548310729277e+03
1.933891750455230263e-01 1.201423270943235593e+03
2.072921779595369995e-01 1.054166226502716654e+03
2.221946860939522372e-01 8.987467000325686968e+02
2.381685551976159554e-01 7.907834790814117696e+02
2.552908068239517769e-01 7.150680212873992332e+02
2.736439997074671671e-01 6.244255219275283935e+02
2.933166278390045290e-01 5.360491718432955395e+02
3.144035471591500874e-01 4.743540347542521545e+02
3.370064329271929560e-01 4.150322932312097350e+02
3.612342699709432114e-01 3.576146363999350228e+02
3.872038781812555674e-01 3.132173325498296208e+02
4.150404757850476023e-01 2.707278584208649477e+02
4.448782831127585657e-01 2.346716034690552988e+02
4.768611697714470465e-01 2.029550832747883931e+02
5.111433483440167569e-01 1.752228766522261196e+02
5.478901179593942405e-01 1.510733334172694242e+02
5.872786613189481253e-01 1.301073563075406128e+02
6.294988990221886960e-01 1.118423441089700248e+02
6.747544053110693385e-01 9.606857474450704615e+01
7.232633896483535718e-01 8.239535515502927865e+01
7.752597488629460187e-01 7.056958323648765941e+01
8.309941949353392143e-01 6.037009589172530610e+01
8.907354638610437414e-01 5.159007290962201608e+01
9.547716114208055771e-01 4.404022335032692581e+01
1.023411402105453005e+00 3.755506084790121690e+01
1.096985797892383152e+00 3.199095314992639771e+01
1.175849554052156298e+00 2.722342921711513952e+01
1.260382929679726871e+00 2.314375746689085034e+01
1.350993521198026404e+00 1.965699443315464379e+01
1.448118227674533021e+00 1.668034905280384805e+01
1.552225357427046593e+00 1.414196679942965496e+01
1.663816886076127766e+00 1.197961440668046329e+01
1.783430876931908271e+00 1.013946620550131605e+01
1.911644075385701358e+00 8.575061478231333467e+00
2.049074689815845840e+00 7.246359505626141839e+00
2.196385372416544968e+00 6.118895252246582039e+00
2.354286414322416032e+00 5.163051608413138815e+00
2.523539170434764500e+00 4.353413911041949191e+00
2.704959730463133205e+00 3.668196933059039377e+00
2.899422853882874573e+00 3.088753727415773032e+00
3.107866187782010403e+00 2.599145631303613868e+00
3.331294787934670598e+00 2.185761799553280760e+00
3.570785964900460741e+00 1.836993515837911595e+00
3.827494478516309417e+00 1.542952823227960346e+00
4.102658105827189594e+00 1.295224592149220699e+00
4.397603609302715988e+00 1.086654371892013859e+00
4.713753134116719146e+00 9.111673573695273642e-01
5.052631065335675409e+00 7.636101900953468080e-01
5.415871378079467391e+00 6.396149719550470181e-01
5.805225516094893123e+00 5.354826154141171246e-01
6.222570836730223043e+00 4.480827279500068649e-01
6.669919663030114521e+00 3.747679058064160018e-01
7.149428986597582636e+00 3.133019039108046466e-01
7.663410868007463073e+00 2.617973260494874110e-01
8.214343584919431507e+00 2.186622912552768638e-01
8.804883581643467849e+00 1.825551352471111166e-01
9.437878277775386238e+00 1.523458352904541457e-01
1.011637979766207707e+01 1.270831361485099953e-01
1.084365968689610860e+01 1.059669073383962962e-01
1.162322468679853138e+01 8.832461939216550151e-02
1.245883364295008455e+01 7.359130355388236733e-02
1.335451562929899438e+01 6.129264042040730165e-02
1.431458937523479413e+01 5.103065872177756784e-02
1.534368408930012784e+01 4.247160164460904441e-02
1.644676177994664101e+01 3.533572515354316962e-02
1.762914118095948268e+01 2.938871156279449989e-02
1.889652339691210159e+01 2.443438455601163253e-02
2.025501939230667503e+01 2.030857897102410214e-02
2.171117945694504670e+01 1.687399336183355997e-02
2.327202478960409593e+01 1.401584279052461683e-02
2.494508135230316626e+01 1.163820509783994143e-02
2.673841615839947039e+01 9.660967474286392617e-03
2.866067616948251384e+01 8.017248804717439642e-03
3.072112998861758015e+01 6.651233745479637541e-03
3.292971255097150873e+01 5.516365838564176935e-03
3.529707302730650298e+01 4.573827082313210862e-03
3.783462617131929306e+01 3.791260792075879134e-03
4.055460735840829045e+01 3.141709613116255156e-03
4.347013158125023580e+01 2.602723679787980610e-03
4.659525668664679898e+01 2.155610775312188226e-03
4.994505115855139366e+01 1.784814766281535205e-03
5.353566677410724139e+01 1.477395317376437251e-03
5.738441648302394071e+01 1.222590385055783227e-03
6.150985788580499758e+01 1.011452630107437939e-03
6.593188271333545458e+01 8.365463688710723282e-04
7.067181273927488405e+01 6.916917332092933305e-04
7.575250258771910694e+01 5.717543130328712727e-04
8.119844993184008786e+01 4.724726399800371576e-04
8.703591361485159439e+01 3.903118807033813817e-04
9.329304026284680162e+01 3.223410171692140985e-04
9.999999999999995737e+01 2.661272231510202401e-04
