1.000000000000000048e-04 9.985044821685748673e+01
1.071891319205127825e-04 1.067658513180602853e+02
1.148951000187309178e-04 1.141596788100372635e+02
1.231550603292825674e-04 1.220649259383747278e+02
1.320088400831417777e-04 1.305168347977745782e+02
1.414991297434576038e-04 1.395530088003460492e+02
1.516716888470922740e-04 1.492136284927874215e+02
1.625755666443794297e-04 1.595416272897788019e+02
1.742633386009650239e-04 1.705827164062266945e+02
1.867913599020782538e-04 1.823857286414505268e+02
2.002200371815584276e-04 1.950028294043485459e+02
2.146141197858404421e-04 2.084895858330761484e+02
2.300430119772917776e-04 2.229051639527107511e+02
2.465811075822602690e-04 2.383126370488571126e+02
2.643081486974105496e-04 2.547792857909143436e+02
2.833096101839324417e-04 2.723765325533343571e+02
3.036771118035458319e-04 2.911803747974646512e+02
3.255088599835058091e-04 3.112717211367080381e+02
3.489101213406772708e-04 3.327363400017845834e+02
3.739937302478797253e-04 3.556652501748446866e+02
4.008806328898464845e-04 3.801549506745644749e+02
4.297004704320841117e-04 4.063074773804889901e+02
4.605922041145106777e-04 4.342307413028859173e+02
4.937047852839002724e-04 4.640386863558318282e+02
5.291978735958441241e-04 4.958513514473514761e+02
5.672426068491978743e-04 5.297950235806114279e+02
6.080224261649422573e-04 5.660023011081209461e+02
6.517339604882423695e-04 6.046120900558345284e+02
6.985879746785248184e-04 6.457695514882944963e+02
7.488103857590023595e-04 6.896261462369712945e+02
8.026433522257175792e-04 7.363394635993118982e+02
8.603464416684505163e-04 7.860727885602165088e+02
9.221978823334326964e-04 8.389949667345670150e+02
9.884959046625584490e-04 8.952799790589103850e+02
1.059560179277615945e-03 9.551062450848306753e+02
1.135733358343105287e-03 1.018655842572470306e+03
1.217382727739661210e-03 1.086113602270830370e+03
1.304901978014402341e-03 1.157665912922404686e+03
1.398713102647238145e-03 1.233499119920106068e+03
1.499268432786045281e-03 1.313797272902232862e+03
1.607052818261638658e-03 1.398739839438403578e+03
1.722585965398786955e-03 1.488498984511332765e+03
1.846424942895544133e-03 1.583236585631566413e+03
1.979166867853557332e-03 1.683101367137659963e+03
2.121451784910630307e-03 1.788225494529365960e+03
2.273965752357928315e-03 1.898720911395864277e+03
2.437444150122220626e-03 2.014675711837357085e+03
2.612675225563328065e-03 2.136149552700721870e+03
2.800503894183630545e-03 2.263167745266994189e+03
3.001835813575589283e-03 2.395717337367894743e+03
3.217641750250736354e-03 2.533741511398515740e+03
3.448962260405757582e-03 2.677132211154309061e+03
3.696912707195027046e-03 2.825723695984418100e+03
3.962688638701476924e-03 2.979284470445434181e+03
4.247571552536898512e-03 3.137508061762326179e+03
4.552935074866947852e-03 3.300005548665080369e+03
4.880251583654432457e-03 3.466302463656603322e+03
5.231099308056263129e-03 3.635825118597787878e+03
5.607169938205458157e-03 3.807870539102571456e+03
6.010276782070383440e-03 3.981688166206562983e+03
6.442363508721372749e-03 4.156381869615213873e+03
6.905513520162327550e-03 4.330710464769639657e+03
7.401959996915643408e-03 4.503395494312236224e+03
7.934096665797491649e-03 4.673126060536582372e+03
8.504489341802678667e-03 4.838478325212634445e+03
9.115888299750822196e-03 4.997759946878280971e+03
9.771241535346496254e-03 5.149067273133960953e+03
1.047370897959449404e-02 5.290330991719906706e+03
1.122667773510813323e-02 5.419334330397187841e+03
1.203377840777589310e-02 5.533739256009921519e+03
1.289890261253308357e-02 5.631086507070861444e+03
1.382622173764655460e-02 5.708781462065192500e+03
1.482020705798858112e-02 5.764204303716252980e+03
1.588565129428052072e-02 5.794779120910174242e+03
1.702769172225899325e-02 5.798048757269779344e+03
1.825183494319042657e-02 5.771814384820035229e+03
1.956398343517063224e-02 5.714293671889395227e+03
2.097046401323231571e-02 5.624288270963562354e+03
2.247805833548724430e-02 5.501398086175180651e+03
2.409403560239523762e-02 5.346251620887956960e+03
2.582618760682674555e-02 5.160682308530658702e+03
2.768286630392067030e-02 4.947913157264672009e+03
2.967302408188870338e-02 4.712677967973258092e+03
3.180625692794120107e-02 4.461139770622447941e+03
3.409285069746813279e-02 4.200673310354534806e+03
3.654383070957257368e-02 3.939427371228807260e+03
3.917101490809259817e-02 3.686166299031339349e+03
4.198707084443910331e-02 3.448798263375038914e+03
4.500557675700498500e-02 3.232065660664387451e+03
4.824108704165371020e-02 3.042492230972847210e+03
5.170920242896758640e-02 2.882078654420982730e+03
5.542664520663105610e-02 2.742797901548228765e+03
5.941133984965033671e-02 2.616554268924001008e+03
6.368249944718586131e-02 2.493488497354215269e+03
6.826071834272387506e-02 2.360847855487010747e+03
7.316807143427196680e-02 2.203481275416131666e+03
7.842822061337678674e-02 2.014959717391164986e+03
8.406652885618325077e-02 1.804296920355215661e+03
9.011018251665019185e-02 1.591971997418488627e+03
9.658832241158700482e-02 1.400340563905413092e+03
1.035321843295661931e-01 1.248533010002662650e+03
1.109752496412071687e-01 1.143919483346997140e+03
1.189534067370319331e-01 1.072086859338069644e+03
1.275051240713012679e-01 1.002688176014363535e+03
1.366716356462006066e-01 9.103643070824073220e+02
1.464971398307285400e-01 7.945636905829520629e+02
1.570290124729376846e-01 6.796374875274609622e+02
1.683180353330956114e-01 5.960960805905590405e+02
1.804186409392071477e-01 5.456510378705696667e+02
1.933891750455230263e-01 5.010530116764169861e+02
2.072921779595369995e-01 4.396444687833751459e+02
2.221946860939522372e-01 3.748299084428787751e+02
2.381685551976159554e-01 3.298060386909656927e+02
2.552908068239517769e-01 2.982305575810523237e+02
2.736439997074671671e-01 2.604286341566986493e+02
2.933166278390045290e-01 2.235710770854378495e+02
3.144035471591500874e-01 1.978409924637283268e+02
3.370064329271929560e-01 1.731003603363595573e+02
3.612342699709432114e-01 1.491535099435157292e+02
3.872038781812555674e-01 1.306369169581708150e+02
4.150404757850476023e-01 1.129158254775045549e+02
4.448782831127585657e-01 9.787772935897922366e+01
4.768611697714470465e-01 8.464954915712380057e+01
5.111433483440167569e-01 7.308305467702132319e+01
5.478901179593942405e-01 6.301077351014532013e+01
5.872786613189481253e-01 5.426625527434553220e+01
6.294988990221886960e-01 4.664821941454759724e+01
6.747544053110693385e-01 4.006922526971713694e+01
7.232633896483535718e-01 3.436632066926147644e+01
7.752597488629460187e-01 2.943394209863842192e+01
8.309941949353392143e-01 2.517985465028498027e+01
8.907354638610437414e-01 2.151780191247906870e+01
9.547716114208055771e-01 1.836883617888425846e+01
1.023411402105453005e+00 1.566393723668675264e+01
1.096985797892383152e+00 1.334319893355508313e+01
1.175849554052156298e+00 1.135470625791530352e+01
1.260382929679726871e+00 9.653108840989171213e+00
1.350993521198026404e+00 8.198807174961077138e+00
1.448118227674533021e+00 6.957270403171453843e+00
1.552225357427046593e+00 5.898529051978080417e+00
1.663816886076127766e+00 4.996626461232928307e+00
1.783430876931908271e+00 4.229112619587207966e+00
1.911644075385701358e+00 3.576609291082099240e+00
2.049074689815845840e+00 3.022415896489283771e+00
2.196385372416544968e+00 2.552157351118143236e+00
2.354286414322416032e+00 2.153480582955904943e+00
2.523539170434764500e+00 1.815785332393353491e+00
2.704959730463133205e+00 1.529985170705987940e+00
2.899422853882874573e+00 1.288302617569792252e+00
3.107866187782010403e+00 1.084089778620337396e+00
3.331294787934670598e+00 9.116696468021278088e-01
3.570785964900460741e+00 7.662002793284083957e-01
3.827494478516309417e+00 6.435574613856368531e-01
4.102658105827189594e+00 5.402312996694500491e-01
4.397603609302715988e+00 4.532377300735686565e-01
4.713753134116719146e+00 3.800429952133690947e-01
5.052631065335675409e+00 3.184976622368989041e-01
5.415871378079467391e+00 2.667799058223466746e-01
5.805225516094893123e+00 2.233468556851043174e-01
6.222570836730223043e+00 1.868928374627416289e-01
6.669919663030114521e+00 1.563136230030460205e-01
7.149428986597582636e+00 1.306764804263965962e-01
7.663410868007463073e+00 1.091941862180767220e-01
8.214343584919431507e+00 9.120278170270172680e-02
8.804883581643467849e+00 7.614267098367304143e-02
9.437878277775386238e+00 6.354252953194815257e-02
1.011637979766207707e+01 5.300559151570844590e-02
1.084365968689610860e+01 4.419812421674271241e-02
1.162322468679853138e+01 3.683961813845417627e-02
1.245883364295008455e+01 3.069442895895640663e-02
1.335451562929899438e+01 2.556472212403000308e-02
1.431458937523479413e+01 2.128450653863672021e-02
1.534368408930012784e+01 1.771457333053371233e-02
1.644676177994664101e+01 1.473824153910867872e-02
1.762914118095948268e+01 1.225777785451195173e-02
1.889652339691210159e+01 1.019135801343931148e-02
2.025501939230667503e+01 8.470509736564806741e-03
2.171117945694504670e+01 7.037965461081978347e-03
2.327202478960409593e+01 5.845849113774721599e-03
2.494508135230316626e+01 4.854152159345087938e-03
2.673841615839947039e+01 4.029460026303603726e-03
2.866067616948251384e+01 3.343876956310423178e-03
3.072112998861758015e+01 2.774122562262082339e-03
3.292971255097150873e+01 2.300778330977800139e-03
3.529707302730650298e+01 1.907653466610832044e-03
3.783462617131929306e+01 1.581252172165092083e-03
4.055460735840829045e+01 1.310330694376664849e-03
4.347013158125023580e+01 1.085525329361150277e-03
4.659525668664679898e+01 8.990396202062281945e-04
4.994505115855139366e+01 7.443851584244276249e-04
5.353566677410724139e+01 6.161646028966168446e-04
5.738441648302394071e+01 5.098891751035679537e-04
6.150985788580499758e+01 4.218270035929209895e-04
6.593188271333545458e+01 3.488767237612422074e-04
7.067181273927488405e+01 2.884607354894489525e-04
7.575250258771910694e+01 2.384374755139849933e-04
8.119844993184008786e+01 1.970295076138115669e-04
8.703591361485159439e+01 1.627624972538876404e-04
9.329304026284680162e+01 1.344139750189554141e-04
9.999999999999995737e+01 1.109692483932985115e-04
