0.024543692606170266
0.02583814851046896
0.02720087515605589
0.028635473201787463
0.030145733208430576
0.031735645654256114
0.033409411478863754
0.03517145318309727
0.03702642651437913
0.038979232768339894
0.041035031739246414
0.043199255353446916
0.045477622021856005
0.04787615174940223
0.0504011820413614
0.05305938464860364
0.05585778319599963
0.05880377174056449
0.06190513430837429
0.06517006546187698
0.06860719195194112
0.07222559551185279
0.07603483685348789
0.0800449809290636
0.08426662352521698
0.08871091925967832
0.0933896110545139
0.09831506116381343
0.1035002838378047
0.1089589797097028
0.11470557199615151
0.12075524460690815
0.1271239822644662
0.13382861273962265
0.1408868513145858
0.14831734759110657
0.15613973476731183
0.16437468151344112
0.17304394658355535
0.18217043630751475
0.19177826511513474
0.20189281925243838
0.21254082385836012
0.22375041357913414
0.23555120690694706
0.2479743844392768
0.26105277126569754
0.27482092369983735
0.28931522058565484
0.3045739594192903
0.3206374575404661
0.33754815866081156
0.35535074501058495
0.37409225540011176
0.39382220950788754
0.41459273872374336
0.43645872389279644
0.45947794032413614
0.48371121044739607
0.509222564520568
0.5360794098136866
0.564352708715411
0.5941171662331022
0.6254514273818222
0.6584382849837997
0.693164898427423
0.7297230239637741
0.7682092571492051
0.8087252880745484
0.8513781700553381
0.8962806024929939
0.9435512286543474
0.9933149491563249
1.0457032519840874
1.1008545599146167
1.158914596263727
1.2200367699228927
1.2843825807032627
1.3521220460578673
1.4234341503095327
1.4985073175714692
1.5775399096101073
1.6607407499656568
1.748329675715242
1.8405381183365153
1.9376097152065217
2.0398009533515533
2.147381847148937
2.260636651771407
2.3798646142591666
2.5053807642041352
2.6375167461356033
2.776621695806608
2.923063162696444
3.077228081166748
3.2395237928372334
3.4103791228823974
3.590245513093066
3.7795982146966085
3.9789375440875276
4.188790204786391