0.006135923151542567
0.00659526573375302
0.007088995253775546
0.007619685959106205
0.008190104808502756
0.00880322589858129
0.009462245970405311
0.010170601076916658
0.010931984498110385
0.01175036599736111
0.012630012519301143
0.013575510437166621
0.014591789465606762
0.01568414836363468
0.016858282561732094
0.018120313857152195
0.01947682233224865
0.020934880662249095
0.022502090991349716
0.024186624569398626
0.025997264355829
0.027943450812973936
0.030035331127523712
0.03228381211676072
0.03470061709541855
0.03729834699966261
0.040090546086885406
0.04309177255386739
0.04631767444149822
0.04978507122181679
0.05351204149275496
0.05751801723781546
0.06182388514214235
0.0664520954932343
0.0714267792340963
0.07677387377913104
0.08252125824875879
0.08869889882786398
0.09533900500594927
0.10247619751361592
0.11014768883097024
0.11839347720910721
0.1272565552162745
0.13678313389605387
0.14702288370629324
0.15802919349501626
0.1698594488635808
0.18257533136843676
0.19624314012148855
0.2109341374658458
0.22672492052927723
0.2436978205926028
0.2619413323552824
0.2815505753363443
0.30262778981634003
0.32528286990611144
0.34963393652172514
0.3758079532530002
0.4039413883366942
0.43418092618579585
0.4666842321847588
0.5016207747382221
0.53917270885929
0.5795358259042885
0.6229205744058108
0.6695531573265485
0.7196767114548656
0.7735525750913409
0.8314616506358533
0.8937058691795652
0.9606097647380313
1.0325221663332835
1.1098180167472227
1.1929003274290622
1.2822022797495054
1.37818948355733
1.4813624048142322
1.592258974965341
1.711457395650332
1.8395791533785986
1.977292259886622
2.125314735072402
2.28441835066652
2.4554326541589453
2.6392492939618224
2.8368266683591434
3.0491949224823993
3.2774613193658
3.522816013085177
3.786538254080986
4.07000305901925
4.374688379966326
4.702182810256674
5.05419386723119
5.432556895031255
5.8392446338666915
6.276377505650547
6.746234669628934
7.251265905648568
7.794104387019999
8.37758040957278