0.012271846303085136
0.013982797922543283
0.01593229192363071
0.018153586095279756
0.02068457505664602
0.02356843672806175
0.02685436893353898
0.030598428701042266
0.03486448857874473
0.039725326281738714
0.04526386625825039
0.05157459435610971
0.05876516972326526
0.0669582614408886
0.07629364122148358
0.08693056787280903
0.09905050420586163
0.11286021273656253
0.12859528299289943
0.14652415060233703
0.166952676723934
0.19022936594891843
0.21675131168555745
0.24697097045482116
0.2814038806643139
0.3206374575404661
0.36534101425791665
0.41627718022358057
0.4743149113079367
0.5404443139742205
0.6157935362007633
0.7016480133506019
0.7994723973171776
0.910935543050842
1.0379389787288948
1.1826493452618008
1.3475353585439345
1.5354099250138746
1.7494781290032098
1.9933919105237736
2.2713123662801333
2.5879807367441066
2.9487992903097293
3.3599234843883403
3.828366975684713
4.36212127109837
4.970292060458915
5.663254556891441
6.452830494872442
7.352489805510593
8.37758040957278