1.7114153579674045e-13
1.7376977993805257e-13
1.7563571761361335e-13
1.8021422791989547e-13
1.8568747872235902e-13
1.8842276310513765e-13
1.8903538067330812e-13
1.948702605328106e-13
1.9178954875646905e-13
1.9464409550954204e-13
1.9534589896955215e-13
1.9654368283681498e-13
2.04972513387899e-13
2.0480103306781816e-13
2.03267644560633e-13
1.9909317435226008e-13
1.9787242174513595e-13
1.9253899682817158e-13
1.8583652736169123e-13
1.7613223530377934e-13
1.7080685070021188e-13
1.6115603592346638e-13
1.561625099049085e-13
1.486985856435336e-13
1.4027055255037315e-13
1.3229985047835603e-13
1.2423136861663265e-13
1.1627348469654466e-13
1.089137157634342e-13
1.0145470827858979e-13
9.449891931022522e-14
8.576913241557022e-14
8.017774707545298e-14
7.385329285033308e-14
6.715164444809164e-14
6.036975861680606e-14
5.3745347868540403e-14
4.8491378958363973e-14
4.3688647821626425e-14
3.947024163168269e-14
3.5848141059238084e-14
3.2462279986485116e-14
2.917112726070653e-14
2.6005721671852857e-14
2.3602464809338273e-14
2.0160707500863198e-14
1.7891409370697792e-14
1.572665529259356e-14
1.4454663232154628e-14
1.2306549234094254e-14
1.0845513374363206e-14
9.800620452703931e-15
8.260310459975902e-15
7.212563244586036e-15
6.311670291472753e-15
5.4828567755014086e-15
4.756100402038186e-15
4.1276826489568075e-15
3.687691859355524e-15
3.0885562141044265e-15
2.6622676371833684e-15
2.296216823003765e-15
1.9831308387161784e-15
1.7517026957173494e-15
1.4596341862462595e-15
1.2446311437934809e-15
1.0973078877111422e-15
9.187074747198025e-16
7.862962311651226e-16
6.696816034140411e-16
5.673961375109853e-16
4.825954528908452e-16
4.1295573039196106e-16
3.517448680173671e-16
2.9829411423425505e-16
2.5823641654548766e-16
2.135928106009995e-16
1.8611944049841653e-16
1.5747629382934432e-16
1.2943129936504633e-16
1.0951239370110173e-16
9.25572202732039e-17
7.793679699908521e-17
6.740143030753245e-17
5.5390936336128564e-17
4.662061503929952e-17
3.9260003508509316e-17
3.2945522890153967e-17
2.7740367054282375e-17
2.32962789122871e-17
1.9512431505128706e-17
1.6408141366302626e-17
1.3752113235955296e-17
1.1788650032983952e-17
9.657460814993142e-18
8.074641666006068e-18
6.7645560549289866e-18
5.653964254417045e-18
4.729876406713249e-18
3.952591826935136e-18
3.3022025111240847e-18