1.7441291280598254e-13
1.8434471275845945e-13
1.92280289712323e-13
2.0402841111672292e-13
2.1745985839571333e-13
2.3006345634739497e-13
2.3463637594321827e-13
2.476634702705019e-13
2.5435009328996174e-13
2.6505938816008426e-13
2.7256738326330467e-13
2.8092863701951314e-13
2.8683981116624847e-13
2.8787923120934586e-13
2.9689570350621043e-13
3.0022283377896965e-13
2.9785084144183007e-13
2.984329067973486e-13
2.9424765880845423e-13
2.883382420673455e-13
2.824962395152442e-13
2.7579174663432763e-13
2.642075523725027e-13
2.5303990849316064e-13
2.414033379097878e-13
2.2841983395660863e-13
2.156541830195602e-13
2.0305453463116204e-13
1.906992613167527e-13
1.787714264334249e-13
1.6723831912299663e-13
1.2958457254344428e-13
1.299590176988504e-13
1.2566222483414952e-13
1.1783497505199134e-13
1.082487905973215e-13
9.592804517110197e-14
8.400379223837653e-14
7.321876438129949e-14
6.406998917035995e-14
5.64684527675488e-14
5.0066533574199756e-14
4.424294951436928e-14
3.846699882242267e-14
3.273190568985817e-14
2.7619008477816305e-14
2.3429813614625424e-14
2.0161702633250915e-14
1.7258943332267202e-14
1.4446726925921815e-14
1.1999103421956252e-14
1.0098810006114394e-14
8.486363989086572e-15
7.002360563778889e-15
5.788051319449039e-15
4.803726085765463e-15
3.938019350290241e-15
3.232423413500016e-15
2.645863707256899e-15
2.154677316231541e-15
1.7538153852373675e-15
1.4216480491932983e-15
1.1505245472827619e-15
9.285517550770143e-16
7.476958665704774e-16
6.007552512994669e-16
4.816254555791691e-16
3.8533542780407275e-16
3.076876737831624e-16
2.4522739477343024e-16
1.9508969587492204e-16
1.5492516490151416e-16
1.2284823965680482e-16
9.748710488855153e-17
7.687292503851449e-17
6.036865429567057e-17
4.786125539863364e-17
3.7620017047709896e-17
2.957560348177008e-17
2.3144793926920844e-17
1.8229115134248708e-17
1.4283381241904814e-17
1.1136365987694013e-17
8.699568355546877e-18
6.816732372894432e-18
5.302097144961072e-18
4.142324286978426e-18
3.2209736578300328e-18
2.508418793181765e-18
1.9495431897325714e-18
1.5151267466445331e-18
1.1754014392194393e-18
9.12247801851319e-19
7.066506450488399e-19
5.463298916273414e-19
4.226470117625729e-19
3.2794404639041575e-19
2.528939384621117e-19
1.9585815871611205e-19
1.5127143958546235e-19
1.1674766841039487e-19