4.3168164261671447e-13
4.615938665008253e-13
4.888678586898187e-13
5.117334073764482e-13
5.354846552470604e-13
5.451958133531519e-13
5.431908696822976e-13
5.350562500266416e-13
5.138768031630812e-13
4.900435142341811e-13
4.609989977272966e-13
4.2218937349689033e-13
3.808223501794409e-13
3.344270675538741e-13
2.8321872773164735e-13
2.3032007574939374e-13
1.9124188613515353e-13
1.4804546217176221e-13
1.190784901544622e-13
9.163117543709384e-14
6.846381350058582e-14
5.208467602716926e-14
3.6920791267389306e-14
2.6833293461443105e-14
1.8848377536735714e-14
1.3214416822372816e-14
9.568421558482964e-15
6.7241849062216365e-15
4.570406753288749e-15
3.15718761789731e-15
2.153416419278215e-15
1.444078603970658e-15
1.018557369918689e-15
6.447621624343237e-16
4.256425737333948e-16
2.8088856784201e-16
1.8231005190518373e-16
1.1951985728173086e-16
7.711427880372319e-17
4.9916670605738594e-17
3.199412506612303e-17
2.0546294563464097e-17
1.30988363845039e-17
8.337709164912519e-18
5.515052197291893e-18
3.3503032052950778e-18
2.1141486098375496e-18
1.333208890489807e-18
8.385203435588119e-19
5.265498651780845e-19
3.298107598149049e-19